ik= 0
ik= 100
ik= 200
ik= 300
ik= 400
ik= 500
ik= 600
de =  0.003824802260554746  (  0.003794891852195583  )
|b|^2_z = 3.2572e-02 (2.9007e-02) |b|^2_x = 4.5922e-01 (4.0742e-01)
Bin2_z = 2.1795e-05 (2.1581e-05) Bin2_x = 2.9584e-12 (2.6075e-24)
error of energy:  4.3808922531293e-05
error of energy splitting:  9.936131162416412e-06 ( 0.2618290994687434 %)
error of b2z:  0.009224115888288127 ( 31.79944035700661 %)
error of b2x:  0.12370409796393105 ( 30.36298001800477 %)
